Accuracy: 0.7714285714285715

Confusion Matrix:
[[2 0 0 ... 0 0 0]
 [0 2 0 ... 0 0 0]
 [0 0 2 ... 0 0 0]
 ...
 [0 0 0 ... 2 0 0]
 [0 0 0 ... 1 1 0]
 [0 0 0 ... 0 0 1]]
Classification Report:
              precision    recall  f1-score   support

         377       1.00      1.00      1.00         2
         378       0.67      1.00      0.80         2
         379       0.67      1.00      0.80         2
         380       0.33      0.50      0.40         2
         381       0.67      1.00      0.80         2
         382       1.00      0.50      0.67         2
         383       0.67      0.67      0.67         3
         384       0.50      0.67      0.57         3
         385       1.00      0.50      0.67         2
         386       1.00      1.00      1.00         2
         387       1.00      0.67      0.80         3
         388       1.00      1.00      1.00         2
         389       1.00      1.00      1.00         2
         390       1.00      0.50      0.67         2
         391       0.50      0.50      0.50         2
         392       1.00      1.00      1.00         2
         393       1.00      1.00      1.00         2
         394       0.50      1.00      0.67         2
         395       1.00      1.00      1.00         2
         396       0.67      1.00      0.80         2
         397       1.00      0.33      0.50         3
         398       1.00      1.00      1.00         2
         399       0.67      0.67      0.67         3
         400       0.67      1.00      0.80         2
         401       1.00      1.00      1.00         3
         402       0.00      0.00      0.00         2
         403       1.00      0.50      0.67         2
         404       1.00      1.00      1.00         2
         405       1.00      1.00      1.00         2
         406       0.67      1.00      0.80         2
         407       0.50      0.50      0.50         2
         408       1.00      0.50      0.67         2

    accuracy                           0.77        70
   macro avg       0.80      0.78      0.76        70
weighted avg       0.80      0.77      0.76        70
